Array Size:	100
Execution Time(microseconds) & Removed Outliers
18
18
18
18
18
18
18
18
18
18
18
18
18
18
18
18
18
18
18
19

Array Size:	1000
Execution Time(microseconds) & Removed Outliers
171
172
172
173
173
173
173
173
173
173
174
174
174
174
174
174
175
176
176
183

Array Size:	10000
Execution Time(microseconds) & Removed Outliers
2052
2055
2059
2060
2063
2064
2066
2069
2073
2073
2074
2074
2076
2076
2078
2078
2082
2086
2087
2088

Array Size:	100000
Execution Time(microseconds) & Removed Outliers
23911
23965
23968
23995
24000
24013
24016
24016
24028
24032
24045
24051
24062
24067
24077
24129
24170
24182
24257
24381

Array Size:	1000000
Execution Time(microseconds) & Removed Outliers
273919
274235
274276
274369
274493
274726
274728
274761
274971
275224
275236
275269
275327
275484
276389
276538
276644
276956
277178
277199

Array Size:	10000000
Execution Time(microseconds) & Removed Outliers
3090064
3090145
3093153
3093780
3096170
3096428
3097215
3098551
3100990
3101441
3101762
3102017
3103255
3105989
3106179
3109258
3115822
3122067
3123468
3124331

