Array Size:	100
Execution Time(microseconds) & Removed Outliers
29
29
29
29
29
29
29
29
29
29
29
29
29
29
29
30
30
30
30
30

Array Size:	1000
Execution Time(microseconds) & Removed Outliers
281
281
281
281
281
281
281
281
281
281
281
281
281
281
281
281
281
281
281
308

Array Size:	10000
Execution Time(microseconds) & Removed Outliers
3414
3416
3421
3421
3421
3422
3422
3422
3422
3423
3423
3423
3423
3424
3425
3425
3426
3426
3427
3434

Array Size:	100000
Execution Time(microseconds) & Removed Outliers
41746
41748
41752
41754
41755
41757
41759
41759
41760
41768
41769
41770
41770
41773
41775
41785
41788
41821
41829
41863

Array Size:	1000000
Execution Time(microseconds) & Removed Outliers
465041
465088
465109
465140
465153
465174
465336
465376
465391
465391
465423
465432
465446
465448
465481
465538
465540
465548
465795
467920

Array Size:	10000000
Execution Time(microseconds) & Removed Outliers
5333820
5335098
5335875
5336175
5336860
5337436
5337670
5337854
5338901
5338966
5342256
5344248
5345121
5345270
5345952
5346272
5354065
5355699
5356764
5358422

